[gd_scene load_steps=7 format=3 uid="uid://382qixn35xv8"]

[ext_resource type="Script" path="res://scripts/MainSceneManager.gd" id="1_ac03b"]
[ext_resource type="PackedScene" uid="uid://65iud7hd2th1" path="res://models/wand/the_elder_wand.glb" id="2_js13c"]
[ext_resource type="PackedScene" uid="uid://cfle6s140ygto" path="res://models/book/paladins_book.glb" id="2_witxk"]

[sub_resource type="ProceduralSkyMaterial" id="ProceduralSkyMaterial_2be3w"]
sky_horizon_color = Color(0.64625, 0.65575, 0.67075, 1)
ground_horizon_color = Color(0.64625, 0.65575, 0.67075, 1)

[sub_resource type="Sky" id="Sky_lvehk"]
sky_material = SubResource("ProceduralSkyMaterial_2be3w")

[sub_resource type="Environment" id="Environment_qch1l"]
background_mode = 2
sky = SubResource("Sky_lvehk")
tonemap_mode = 2

[node name="Main" type="Node3D"]
script = ExtResource("1_ac03b")

[node name="WorldEnvironment" type="WorldEnvironment" parent="."]
environment = SubResource("Environment_qch1l")

[node name="DirectionalLight3D" type="DirectionalLight3D" parent="."]
transform = Transform3D(-0.866023, -0.433016, 0.250001, 0, 0.499998, 0.866027, -0.500003, 0.749999, -0.43301, 0, 0, 0)
shadow_enabled = true

[node name="XROrigin3D" type="XROrigin3D" parent="."]

[node name="XRCamera3D" type="XRCamera3D" parent="XROrigin3D"]
transform = Transform3D(1, 0, 0, 0, 1, 0, 0, 0, 1, 0, 1.7, 0)

[node name="Left" type="XRController3D" parent="XROrigin3D"]
transform = Transform3D(1, 0, 0, 0, 1, 0, 0, 0, 1, -0.5, 1, -0.5)
tracker = &"left_hand"
pose = &"grip"

[node name="book" parent="XROrigin3D/Left" instance=ExtResource("2_witxk")]
transform = Transform3D(0.933568, -0.0174959, -0.357975, 0.33895, -0.281476, 0.897711, -0.116467, -0.959409, -0.256846, 0, 0, 0)

[node name="Right" type="XRController3D" parent="XROrigin3D"]
transform = Transform3D(1, 0, 0, 0, 1, 0, 0, 0, 1, 0.5, 1, 0.5)
tracker = &"right_hand"
pose = &"grip"

[node name="wand" parent="XROrigin3D/Right" instance=ExtResource("2_js13c")]
transform = Transform3D(-3.78552e-08, -2.18557e-08, 1, -0.5, 0.866025, 0, -0.866025, -0.5, -4.37114e-08, 0, 0, -0.1)
